81065901427802632
73201364246790144
4504707748333569
1154051834772455428
147496220691529760
5081951870386180
589376955351296
72620820077514752
145250030238958592
175930517684384
288239206608703617
144137229856423937
2332908897754415104
18023813346822144
1155173613793970176
72058698784113664
2850072787157120
4505936135848000
41095900684222976
4612813052274804744
36591764161957892
22588951130935296
9224498083067593728
144396665754223120
577058887707394688
1691049152235584
36594221007801344
145242462439407634
651051827306971136
301270485192720
283948928471041
722379416535168
720875282420990984
144402195005050880
2305917844749156384
2344125807217606786
234187730917130272
2458970348641615936
4508003042659584
9225624395559534848
285946104791043
1459729796694017024
1689952609904640
576812879567652864
9223937323454956032
4612813018936445440
9011736930157056
4664130489294880
4612814125983072769
81389898825744
144116021311047680
148627586011112448
4503651439869992
578782956345163776
117100256134463488
2410339975045120
71469600219264
10134474759604224
142937652728066
846623970429185
9008301182425600
1266708833632512
2305913386690478352
18016881004841216
