4611756455891042305
2326390682513571840
1153027126442590208
2882303761588420608
288230380480237568
144119586189475844
72127962782105872
648520820242513920
18049582882160640
1161928978739495936
4644611993632776
2251799813686401
1125908631027712
18594940648948736
283674134184960
281474976710802
18084784433528836
36107961856164352
2314868900166107136
26388350369792
4432423026752
144117387132665857
1245540515848
18692234543232
70643623137280
137455730945
140806207832322
2305845792352501760
2305843026393564224
18014417845223424
1125904202338304
9799832793469943808
9676259328
1152921507022766112
1152921513465221120
18387828752
68786717184
576460752336977985
1126999435249664
17867080728577
541085696
72061993159229440
562958611513344
1126037614493696
134350976
1125899974148096
1152921504745324544
4260112
