4616260261677056064
4556410813686032
2311490651763507264
9156741434704896
1154333278079287296
1447944663599415328
73184596677625892
10142994769412096
4035260592229974016
3458769259776180240
288372299051089924
144120170506354688
3494795512010768384
9259403110206439936
576498163617169412
1441856707448799232
9802084728021581824
1154047406695251969
1154047718063081476
9801521641174597633
4755942090029400064
40602769702256704
649222050965094432
23085363325566976
4629779582047223808
631647440059499024
1157426205020979200
15771944578220032
37190431087394976
282608852402192
2342162077310812736
1171217927915996290
2449993433203347492
9016029708567552
144132784557654272
288244686984841248
2825884469953024
2815853575290897
18120552921694272
72217027518972416
4760305081142756385
2308094946487830540
34435236368
20266233220383745
563508308607492
288617542228902402
37385547038849
2315321986
18155686291456032
1225119853581697552
576619083186311174
648518900996374531
4611721340375040034
68736518401
140784769173506
281526533685380
9225905311647803392
72198336897095680
1108102096896
2350879005492125888
4415226945668
10376302346144712736
36064118830072832
2305843147734909576
