36031554675294216
1315086282275176449
72075362321833985
252245559673360384
72059827437708304
7061653083365579264
144123997255141888
36031822823502080
576601495160521248
12790363816668184580
303570899829805060
4926362116720640
2918614274036212992
9250956603195150345
1125934284545040
148759598206369920
35734203416580
13511073829226050
1301616159149330689
3459753524932382721
4667981563995195520
1301681579587798016
5242194364574353505
31562580925383731
9148102099648513
2666694230006629760
1163230529924958912
4611758594785321297
563095983359016
9228438625107051520
2305898001988653064
12105979306530979971
9242002436829216898
616431316795138178
4612530855724728336
15799990983067712
2882347744138101760
2306406715316243592
2311474810917490689
4611838318001258561
72198470039142400
45037439384829952
81628157715808320
1155175572205240329
4611712411002536004
5190961589821505608
17766417694722
9800699205419925513
40814422732177920
4620695980421423232
2594356097293762816
2308103607268933760
9223974574729756800
141338783907968
45318719342117888
797418617619628288
4685011349653168642
9605404480964418
648800098621857793
4503634056319233
180988573301342225
38562372524181557
10376856525854736642
9227948805628903970
