35768487641088
576495979625185280
19928648318976
79448305041408
567352294907904
4504750678605824
1238158540800
554051043328
275951648768
288793463544086528
1152921573326323776
288230410645667840
9007216434610688
8860467200
2305843013508661252
4294967304
138512695296
9007474669518848
4503599895806016
2306968909254754304
1143492159995904
18014398543036420
8830469537792
41943040
17592190238720
1125899909005312
8590983200
576460752438165504
144115188076120064
274878038144
16844800
196608
4210688
532736
9223372036854779906
282024732526592
2260595906708480
17179886080
4611686018444165376
2199023255808
16448
576469548396445728
268439568
4611686155866341384
138412036
1538
4611686018964258817
2305843009213693953
